1. epoch 100, original
Test performance..
Fscore 57.45 accuracy 60.34
              precision    recall  f1-score   support

           0     0.7070    0.8376    0.7668    1256.0
           1     0.5280    0.4021    0.4566     281.0
           2     0.0000    0.0000    0.0000      50.0
           3     0.3953    0.1635    0.2313     208.0
           4     0.5402    0.4677    0.5013     402.0
           5     0.0000    0.0000    0.0000      68.0
           6     0.3966    0.5449    0.4591     345.0

    accuracy                         0.6034    2610.0
   macro avg     0.3667    0.3451    0.3450    2610.0
weighted avg     0.5642    0.6034    0.5745    2610.0

[[1.052e+03 3.000e+01 0.000e+00 3.500e+01 7.100e+01 0.000e+00 6.800e+01]
 [8.100e+01 1.130e+02 0.000e+00 1.000e+00 3.400e+01 0.000e+00 5.200e+01]
 [2.600e+01 3.000e+00 0.000e+00 1.000e+00 7.000e+00 0.000e+00 1.300e+01]
 [1.080e+02 1.100e+01 0.000e+00 3.400e+01 5.000e+00 0.000e+00 5.000e+01]
 [1.080e+02 2.500e+01 0.000e+00 4.000e+00 1.880e+02 0.000e+00 7.700e+01]
 [2.700e+01 8.000e+00 0.000e+00 4.000e+00 3.000e+00 0.000e+00 2.600e+01]
 [8.600e+01 2.400e+01 0.000e+00 7.000e+00 4.000e+01 0.000e+00 1.880e+02]]

2. epoch 20, 加入crf层：
Fscore 57.18 accuracy 59.16
              precision    recall  f1-score   support

           0     0.7271    0.7914    0.7579    1256.0
           1     0.4158    0.5623    0.4781     281.0
           2     0.0000    0.0000    0.0000      50.0
           3     0.3047    0.1875    0.2321     208.0
           4     0.5546    0.4801    0.5147     402.0
           5     0.0000    0.0000    0.0000      68.0
           6     0.4134    0.4638    0.4372     345.0

    accuracy                         0.5916    2610.0
   macro avg     0.3451    0.3550    0.3457    2610.0
weighted avg     0.5590    0.5916    0.5718    2610.0

[[994.  79.   0.  56.  73.   0.  54.]
 [ 54. 158.   0.   1.  26.   0.  42.]
 [ 24.  10.   0.   2.   5.   0.   9.]
 [ 97.  21.   0.  39.   9.   0.  42.]
 [ 98.  43.   0.   9. 193.   0.  59.]
 [ 25.  14.   0.   5.   3.   0.  21.]
 [ 75.  55.   0.  16.  39.   0. 160.]]
