Test performance
Loss 0.9459 accuracy 62.42
              precision    recall  f1-score   support

           0     0.4021    0.2708    0.3237     144.0
           1     0.8378    0.7592    0.7966     245.0
           2     0.5707    0.5469    0.5585     384.0
           3     0.6968    0.6353    0.6646     170.0
           4     0.6450    0.7291    0.6845     299.0
           5     0.5688    0.6614    0.6117     381.0

    accuracy                         0.6242    1623.0
   macro avg     0.6202    0.6005    0.6066    1623.0
weighted avg     0.6225    0.6242    0.6204    1623.0

[[ 39.   2.  15.   0.  85.   3.]
 [  2. 186.  26.   3.   0.  28.]
 [ 15.  16. 210.  10.  28. 105.]
 [  0.   1.   8. 108.   0.  53.]
 [ 41.   5.  33.   0. 218.   2.]
 [  0.  12.  76.  34.   7. 252.]]


加入crf：
epoch 60
Loss 1472.2174 accuracy 62.48
              precision    recall  f1-score   support

           0     0.6296    0.2361    0.3434     144.0
           1     0.9027    0.6816    0.7767     245.0
           2     0.5206    0.6589    0.5816     384.0
           3     0.6690    0.5706    0.6159     170.0
           4     0.6767    0.7492    0.7111     299.0
           5     0.5664    0.6273    0.5953     381.0

    accuracy                         0.6248    1623.0
   macro avg     0.6608    0.5873    0.6040    1623.0
weighted avg     0.6430    0.6248    0.6206    1623.0

[[ 34.   1.  31.   0.  78.   0.]
 [  3. 167.  31.   2.   0.  42.]
 [  5.  13. 253.  10.  27.  76.]
 [  0.   0.  10.  97.   0.  63.]
 [ 12.   1.  60.   0. 224.   2.]
 [  0.   3. 101.  36.   2. 239.]]


epoch 60, lr * 100：
Loss 1482.846 accuracy 61.68
              precision    recall  f1-score   support

           0     0.6538    0.2361    0.3469     144.0
           1     0.8922    0.6082    0.7233     245.0
           2     0.5576    0.6172    0.5859     384.0
           3     0.6479    0.5412    0.5897     170.0
           4     0.6599    0.7592    0.7061     299.0
           5     0.5314    0.6877    0.5995     381.0

    accuracy                         0.6168    1623.0
   macro avg     0.6572    0.5749    0.5919    1623.0
weighted avg     0.6388    0.6168    0.6112    1623.0

[[ 34.   2.  20.   0.  88.   0.]
 [  3. 149.  28.   3.   1.  61.]
 [  3.  12. 237.  11.  25.  96.]
 [  0.   0.   7.  92.   0.  71.]
 [ 12.   1.  56.   0. 227.   3.]
 [  0.   3.  77.  36.   3. 262.]]


epoch 60, lr * 1000：
Loss 1392.1158 accuracy 64.88   ???
              precision    recall  f1-score   support

           0     0.6182    0.2361    0.3417     144.0
           1     0.8210    0.7673    0.7932     245.0
           2     0.6344    0.5286    0.5767     384.0
           3     0.6974    0.6235    0.6584     170.0
           4     0.6368    0.9030    0.7469     299.0
           5     0.5688    0.6614    0.6117     381.0

    accuracy                         0.6488    1623.0
   macro avg     0.6628    0.6200    0.6214    1623.0
weighted avg     0.6528    0.6488    0.6367    1623.0

[[ 34.   2.  11.   0.  96.   1.]
 [  4. 188.  16.   3.   2.  32.]
 [  7.  21. 203.  10.  42. 101.]
 [  0.   3.   4. 106.   0.  57.]
 [ 10.   3.  16.   0. 270.   0.]
 [  0.  12.  70.  33.  14. 252.]]



epoch 10, lr * 1000
Loss 1341.9738 accuracy 64.63
              precision    recall  f1-score   support

           0     0.6200    0.2153    0.3196     144.0
           1     0.8377    0.7796    0.8076     245.0
           2     0.6029    0.5495    0.5749     384.0
           3     0.6571    0.5412    0.5935     170.0
           4     0.6455    0.8829    0.7458     299.0
           5     0.5471    0.6404    0.5901     381.0

    accuracy                         0.6365    1623.0
   macro avg     0.6517    0.6015    0.6053    1623.0
weighted avg     0.6403    0.6365    0.6244    1623.0

[[ 31.   4.  13.   0.  95.   1.]
 [  2. 191.  14.   3.   1.  34.]
 [  7.  19. 211.  11.  41.  95.]
 [  0.   1.   6.  92.   0.  71.]
 [ 10.   5.  19.   0. 264.   1.]
 [  0.   8.  87.  34.   8. 244.]]


 epoch 15, lr * 1000
Loss 1395.8061 accuracy 63.46
              precision    recall  f1-score   support

           0     0.6988    0.4028    0.5110     144.0
           1     0.8789    0.6816    0.7678     245.0
           2     0.6420    0.4062    0.4976     384.0
           3     0.7014    0.5941    0.6433     170.0
           4     0.6623    0.8462    0.7430     299.0
           5     0.5077    0.7743    0.6133     381.0

    accuracy                         0.6346    1623.0
   macro avg     0.6819    0.6175    0.6293    1623.0
weighted avg     0.6612    0.6346    0.6272    1623.0

[[ 58.   1.  12.   0.  73.   0.]
 [  4. 167.   7.   3.   2.  62.]
 [  8.  17. 156.   8.  41. 154.]
 [  0.   0.   4. 101.   0.  65.]
 [ 13.   3.  25.   0. 253.   5.]
 [  0.   2.  39.  32.  13. 295.]]



epoch 60, lr * 1000：
Loss 1357.764 accuracy 62.48
              precision    recall  f1-score   support

           0     0.6034    0.2431    0.3465     144.0
           1     0.8830    0.6163    0.7260     245.0
           2     0.5682    0.5208    0.5435     384.0
           3     0.6753    0.6118    0.6420     170.0
           4     0.6472    0.8896    0.7493     299.0
           5     0.5409    0.6772    0.6014     381.0

    accuracy                         0.6248    1623.0
   macro avg     0.6530    0.5931    0.6014    1623.0
weighted avg     0.6382    0.6248    0.6154    1623.0

[[ 35.   1.  11.   0.  96.   1.]
 [  4. 151.  44.   3.   1.  42.]
 [  8.   8. 200.  12.  42. 114.]
 [  0.   0.   5. 104.   0.  61.]
 [ 11.   4.  17.   0. 266.   1.]
 [  0.   7.  75.  35.   6. 258.]]




epoch 10, lr * 10000
Loss 1430.1093 accuracy 64.02
              precision    recall  f1-score   support

           0     0.5968    0.2569    0.3592     144.0
           1     0.8705    0.6857    0.7671     245.0
           2     0.6495    0.5599    0.6014     384.0
           3     0.6513    0.5824    0.6149     170.0
           4     0.6344    0.8997    0.7441     299.0
           5     0.5445    0.6588    0.5962     381.0

    accuracy                         0.6402    1623.0
   macro avg     0.6578    0.6072    0.6138    1623.0
weighted avg     0.6509    0.6402    0.6314    1623.0



epoch 15, lr * 10000
Loss 1396.6749 accuracy 64.33
              precision    recall  f1-score   support

           0     0.5932    0.2431    0.3448     144.0
           1     0.8730    0.6735    0.7604     245.0
           2     0.6152    0.5911    0.6029     384.0
           3     0.7162    0.6235    0.6667     170.0
           4     0.6337    0.8796    0.7367     299.0
           5     0.5598    0.6509    0.6019     381.0

    accuracy                         0.6433    1623.0
   macro avg     0.6652    0.6103    0.6189    1623.0
weighted avg     0.6532    0.6433    0.6349    1623.0

[[ 35.   1.  10.   0.  95.   3.]
 [  3. 165.  20.   3.   2.  52.]
 [  8.  17. 227.   9.  41.  82.]
 [  0.   0.   7. 106.   0.  57.]
 [ 13.   1.  21.   0. 263.   1.]
 [  0.   5.  84.  30.  14. 248.]]


加了L2正则：
1. epoch 60, lr*100
Loss 1489.9193 accuracy 59.27
              precision    recall  f1-score   support

           0     0.5893    0.2292    0.3300     144.0
           1     0.8732    0.5061    0.6408     245.0
           2     0.4676    0.6771    0.5532     384.0
           3     0.7090    0.5588    0.6250     170.0
           4     0.6962    0.6823    0.6892     299.0
           5     0.5566    0.6457    0.5978     381.0

    accuracy                         0.5927    1623.0
   macro avg     0.6487    0.5499    0.5727    1623.0
weighted avg     0.6279    0.5927    0.5897    1623.0

[[ 33.   3.  44.   0.  63.   1.]
 [  5. 124.  56.   3.   1.  56.]
 [  7.   7. 260.   9.  23.  78.]
 [  0.   4.  11.  95.   0.  60.]
 [ 11.   1.  82.   0. 204.   1.]
 [  0.   3. 103.  27.   2. 246.]]

2. epoch 60, lr*1000
Loss 1381.2259 accuracy 63.34
              precision    recall  f1-score   support

           0     0.6667    0.2361    0.3487     144.0
           1     0.8593    0.6980    0.7703     245.0
           2     0.5873    0.5781    0.5827     384.0
           3     0.7021    0.5824    0.6367     170.0
           4     0.6310    0.8294    0.7168     299.0
           5     0.5510    0.6667    0.6033     381.0

    accuracy                         0.6334    1623.0
   macro avg     0.6662    0.5984    0.6097    1623.0
weighted avg     0.6470    0.6334    0.6254    1623.0

[[ 34.   1.  12.   0.  96.   1.]
 [  4. 171.  17.   2.   1.  50.]
 [  4.  17. 222.   9.  40.  92.]
 [  0.   0.   7.  99.   0.  64.]
 [  9.   5.  37.   0. 248.   0.]
 [  0.   5.  83.  31.   8. 254.]]

3. epoch 60, lr*10000 




